Time,Date,InMinutes,TimeDiff,Type,Username,Responses,Type
7:30:00 am, 13/04/2024,450,0,Residents, EcoEnthusiast123, Hi…. My vermicompost bin is infested with fruit flies!,Question
9:32:00 am, 13/04/2024,572,122,Experts, GreenThumbGuru," Fruit flies can be a nuisance, but there are ways to manage them. First, make sure your bin is properly covered to prevent them from entering.",Answer
9:35:00 am, 13/04/2024,575,3,Experts, GreenThumbGuru, You can also try placing a small bowl of apple cider vinegar with a few drops of dish soap near the bin. The flies will be attracted to the vinegar and get trapped in the soap.,Answer
9:38:00 am, 13/04/2024,578,3,Residents, EcoEnthusiast123, I'll give that a try…. Anything else I can do?,Question
9:40:00 am, 13/04/2024,580,2,Experts, GreenThumbGuru," Make sure you're not overfeeding the bin with too many wet food scraps, as this can attract more flies. Also, bury food scraps under the bedding to reduce their exposure to the air.",Answer
10:43:00 am, 13/04/2024,643,63,Experts, EcoEnthusiast123, Thanks for the tips! I'll follow your advice and hopefully get rid of these pesky fruit flies.,Irrelevant
10:45:00 am, 13/04/2024,645,2,Experts, GreenThumbGuru, You're welcome…. Let me know if you need any more help.,Irrelevant
11:24:00 am, 13/04/2024,684,39,Experts, EcoEnthusiast123, Will do. Thanks again! 😊😊,Irrelevant
,,,,,,,
,,,,,,,
4:05:00 pm, 13/04/2024,965,0,Experts, EarthyEssence (Eco Enthusiast)," Hey there! Maggots can sometimes appear in compost bins if the conditions are right. First, try to identify what might be attracting them. It could be overly moist conditions or certain types of food scraps. Remove any visible maggots and adjust your composting mix to make it less appealing to them. Adding more dry carbon-rich materials like shredded paper or cardboard can help balance out the moisture and discourage maggots from sticking around. Keep an eye on the moisture levels and avoid overfeeding the bin to prevent future infestations.",Answer
4:06:00 pm, 13/04/2024,966,1,Experts, GreenThumb (Garden Gurus), Got it! I'll clean out the bin and add more paper. Thanks for the tips!,Irrelevant
4:07:00 pm, 13/04/2024,967,1,Experts, EarthyEssence (Eco Enthusiast), You're welcome! Let me know if you need any more help.,Irrelevant
4:08:00 pm, 13/04/2024,968,1,Experts, GreenThumb (Garden Gurus), Will do! I appreciate it.,Irrelevant
4:10:00 pm, 13/04/2024,970,2,Experts, EarthyEssence (Eco Enthusiast), Happy composting!,Irrelevant
4:12:00 pm, 13/04/2024,972,2,Experts, GreenThumb (Garden Gurus)," Thanks, you too!",Irrelevant
,,,,,,,
,,,,,,,
11:45:00 am, 13/04/2024,705,0,Residents, CompostKing (Eco Expert), My vermicompost smells terrible! What should I do?,Question
11:47:00 am, 13/04/2024,707,2,Experts, EarthyEssence (Eco Enthusiast)," Hmm, that doesn't sound good. Foul odors usually indicate that the compost is too wet or has too much nitrogen-rich material.",Answer
11:49:00 am, 13/04/2024,709,2,Experts, EarthyEssence (Eco Enthusiast)," First, try aerating the compost by turning it with a pitchfork or shovel to introduce oxygen and help break down the organic matter more efficiently.",Answer
11:52:00 am, 13/04/2024,712,3,Residents, CompostKing (Eco Expert)," Okay, I'll give that a try. Anything else?",Question
11:54:00 am, 13/04/2024,714,2,Experts, EarthyEssence (Eco Enthusiast)," Yes, if it's too wet, add more dry materials like shredded paper or dried leaves to absorb excess moisture.",Answer
11:56:00 am, 13/04/2024,716,2,Experts, EarthyEssence (Eco Enthusiast)," Also, make sure you're not adding any meat, dairy, or oily foods to the compost, as they can cause unpleasant smells.",Answer
11:58:00 am, 13/04/2024,718,2,Experts, CompostKing (Eco Expert)," Got it, thanks for the advice!",Irrelevant
12:00:00 pm, 13/04/2024,720,2,Experts, EarthyEssence (Eco Enthusiast), No problem! Let me know if you need any more help.,Irrelevant
12:02:00 pm, 13/04/2024,722,2,Experts, CompostKing (Eco Expert)," Will do. Hopefully, I can get rid of this smell soon.",Irrelevant
12:04:00 pm, 13/04/2024,724,2,Experts, EarthyEssence (Eco Enthusiast), Best of luck!,Irrelevant
,,,,,,,
,,,,,,,
10:30:00 am, 12/04/2024,630,0,Residents, KompostKrisis," Aiyah, my vermicompost bin got some problem lah.",Question
10:33:00 am, 12/04/2024,633,3,Experts, GardenGuru," Oh dear, what happened now?",Answer
10:36:00 am, 12/04/2024,636,3,Residents, KompostKrisis," My kid accidentally poured too much water inside, and now the bin is like swimming pool liao.",Question
10:39:00 am, 12/04/2024,639,3,Experts, GardenGuru," Wah, must be quite soggy for the worms. Maybe try to drain some of the excess water out and add more dry bedding to absorb it.",Answer
10:42:00 am, 12/04/2024,642,3,Experts, KompostKrisis," Good idea, I'll do that. Next time, must make sure my kid knows how much water to add lah. 🌸",Irrelevant
10:45:00 am, 12/04/2024,645,3,Experts, GardenGuru," Yeah, good idea to teach them about it. Hopefully, your worms recover soon!",Irrelevant
,,,,,,,
,,,,,,,
12:00:00 pm, 12/04/2024,720,0,Residents, GardenLover," Eh bro, you ever hv problem with the browns to greens ratio in your compost bin?",Question
12:01:00 pm, 12/04/2024,721,1,Experts, CompostEnthusiast," Hello yes, sometimes it's like juggling. Too much of one thing, then will have smell",Answer
12:05:00 pm, 12/04/2024,725,4,Residents, GardenLover," Wah, steady lah. Got any tricks or tips to share?",Question
12:18:00 pm, 12/04/2024,738,13,Experts, CompostEnthusiast, Yes! I always keep some dried leaves or newspaper on standby. Rmbr the ratio of brown-to-greens we talked about? Its about ratios and tweaking the ratio as well. I recommend using a 1,Answer
6:10:00 pm, 12/04/2024,1090,352,Experts, GardenLover, I'll do that too. Thanks ah!,Irrelevant
6:19:00 pm, 12/04/2024,1099,9,Experts, CompostEnthusiast," No problem, bro. Anytime! Happy composting!",Irrelevant
,,,,,,,
,,,,,,,
5:30:00 pm, 12/04/2024,1050,0,Experts, SustainableGardenGal, Guess what? I harvested my first batch of vermicompost!,Irrelevant
5:32:00 pm, 12/04/2024,1052,2,Experts, EarthyGardenGuru, That's fantastic news! How does it look?,Irrelevant
5:35:00 pm, 12/04/2024,1055,3,Experts, SustainableGardenGal," It's amazing! Dark, crumbly, and full of earthworms. I can't wait to add it to my garden beds.",Irrelevant
5:38:00 pm, 12/04/2024,1058,3,Experts, EarthyGardenGuru, Sounds like you did a great job with your vermicomposting setup. Your plants are going to love it!,Irrelevant
5:40:00 pm, 12/04/2024,1060,2,Experts, SustainableGardenGal, I hope so! Thanks for all your guidance and support along the way.,Irrelevant
5:42:00 pm, 12/04/2024,1062,2,Experts, EarthyGardenGuru, It's my pleasure. Seeing fellow gardeners succeed with sustainable practices brings me so much joy.,Irrelevant
5:45:00 pm, 12/04/2024,1065,3,Experts, SustainableGardenGal," Well, I couldn't have done it without you. Here's to many more successful harvests!",Irrelevant
5:48:00 pm, 12/04/2024,1068,3,Experts, EarthyGardenGuru," Cheers to that! Happy gardening, and may your garden continue to flourish!",Irrelevant
,,,,,,,
,,,,,,,
7:00:00 pm, 12/04/2024,1140,0,Experts, EcoHarmony," Exciting news! My vermicompost bin is v huat, and the worms are looking happy and healthy.",Irrelevant
7:03:00 pm, 12/04/2024,1143,3,Residents, GardenGuru, That's wonderful to hear! Keeping your worms healthy is key to successful vermicomposting. What's your secret?,Question
7:06:00 pm, 12/04/2024,1146,3,Experts, EcoHarmony," OK. I make sure to monitor the moisture levels regularly. Not so wet, not spp dry la - just right for the worms.",Answer
7:09:00 pm, 12/04/2024,1149,3,Residents, GardenGuru, Smart move. Consistent moisture levels are crucial for worm health. Any other tips?,Question
7:12:00 pm, 12/04/2024,1152,3,Experts, EcoHarmony," I also pay attention to the temperature of the bin. Worms thrive in moderate temperatures, so I keep the bin in a shaded area to avoid extremes.",Answer
7:15:00 pm, 12/04/2024,1155,3,Experts, GardenGuru," Excellent! Worms are sensitive to temperature fluctuations, so providing a stable environment is essential. Anything else you do?",Answer
7:18:00 pm, 12/04/2024,1158,3,Experts, EcoHarmony," I avoid adding acidic or spicy foods to the bin, as they can irritate the worms' delicate skin. Stick to mild, non-acidic foods like fruits and vegetables.",Answer
7:21:00 pm, 12/04/2024,1161,3,Experts, GardenGuru, Great tip! Keeping the worms comfortable and well-fed ensures they'll continue to work their magic in your compost. Keep up the good work!,Answer
7:24:00 pm, 12/04/2024,1164,3,Experts, EcoHarmony," Thanks! It's been a rewarding journey, and I'm grateful for the opportunity to learn more about sustainable gardening practices.",Irrelevant
,,,,,,,
,,,,,,,
9:30:00 pm, 12/04/2024,1290,0,Experts, WormWisdom," Heyyo, just checked on my vermicompost bin, and the worms seem to be thriving!",Irrelevant
9:32:00 pm, 12/04/2024,1292,2,Residents, EcoGardenerExtraordinaire, Thts fantastic news! What's your secret to keeping them happy and healthy?,Question
9:35:00 pm, 12/04/2024,1295,3,Experts, WormWisdom," Well, I make sure to bury the food scraps under a layer of bedding to prevent any unpleasant odors and to give the worms easy access to their food. 👍",Answer
9:38:00 pm, 12/04/2024,1298,3,Experts, EcoGardenerExtraordinaire, Smart! Keeping the environment odor-free benefits both the worms and you. Any other tips?? 🙃,Answer
9:41:00 pm, 12/04/2024,1301,3,Experts, WormWisdom," I also avoid adding citrus fruits or onions to the bin, as they can be too acidic and harsh for the worms' sensitive skin. Stick to more neutral foods like melons or squash.",Answer
9:44:00 pm, 12/04/2024,1304,3,Experts, EcoGardenerExtraordinaire, Thts great! Maintaining a balanced diet for your worms ensures they stay healthy and productive. Keep up the great work!,Answer
9:47:00 pm, 12/04/2024,1307,3,Experts, WormWisdom," Thanks! It's been a rewarding experience, and I'm constantly learning new ways to support my little composting allies. 👍👍",Irrelevant
,,,,,,,
,,,,,,,
8:00:00 am, 12/04/2024,480,0,Residents, WormWoes," Jialat..! I found my vermicompost bin overturned, and the worms scattered everywhere.",Question
8:03:00 am, 12/04/2024,483,3,Experts, GardenGuardian," Oh no, that's terrible! What happened?",Answer
8:06:00 am, 12/04/2024,486,3,Residents, WormWoes," I suspect my kid got curious and decided to investigate the bin while I was away. Now, I'm left with a mess and worried about the well-being of the worms.",Question
8:09:00 am, 12/04/2024,489,3,Experts, GardenGuardian, I'm so sorry to hear that. It's important to educate kids about the importance of respecting nature and the creatures living in our compost bins.,Answer
8:12:00 am, 12/04/2024,492,3,Residents, WormWoes, Absolutely. I'll have to have a serious talk with them about the consequences of their actions and how to properly care for our composting friends.,Question
8:15:00 am, 12/04/2024,495,3,Experts, GardenGuardian," It's a tough lesson, but hopefully, it leads to greater understanding and respect for the environment in the future. Let me know if there's anything I can do to help salvage the situation.",Answer
8:18:00 am, 12/04/2024,498,3,Residents, WormWoes," Thanks, I appreciate your support. I'll do my best to restore the bin and ensure the worms are safe and sound.",Question
,,,,,,,
,,,,,,,
9:15:00 am, 12/04/2024,555,0,Residents, CompostQueen," Help! My tank is too dry, and the worms seem unhappy.",Question
10:18:00 am, 12/04/2024,618,63,Experts, EcoGardener," Dry conditions can be tough on worms. Try adding some moisture by spraying the bedding lightly with water, but be careful not to drown the worms.",Answer
11:21:00 am, 12/04/2024,681,63,Experts, EcoGardener," You can also add more food scraps with high moisture content, like fruit and vegetable peels, to help increase the humidity in the bin.",Answer
1:24:00 pm, 12/04/2024,804,123,Residents, CompostQueen, I'll give that a try! Should I cover the bin to retain moisture?,Question
6:27:00 pm, 12/04/2024,1107,303,Experts, EcoGardener," Yes, covering the bin with a damp cloth or lid can help retain moisture, but make sure there's still some airflow to prevent the bin from becoming too damp.",Answer
6:30:00 pm, 12/04/2024,1110,3,Experts, CompostQueen, Got it! Thanks for the advice. I'll make these adjustments right away.,Irrelevant
6:32:00 pm, 12/04/2024,1112,2,Experts, EcoGardener, You're welcome! Let me know if you need any more help.,Irrelevant
7:35:00 pm, 12/04/2024,1175,63,Experts, CompostQueen, Will do. Thanks again!,Irrelevant
8:27:00 pm, 12/04/2024,1227,52,Experts, EcoGardener, Happy composting!,Irrelevant
,,,,,,,
,,,,,,,
1:45:00 pm, 12/04/2024,825,0,Residents, WormWorry," Wah lao, my vermicompost bin confirm got problem now.",Question
1:48:00 pm, 12/04/2024,828,3,Experts, GardenGuru," Oh dear, what happened this time?",Answer
1:51:00 pm, 12/04/2024,831,3,Residents, WormWorry," My kid put too much food inside, and now got so many flies flying around.",Question
1:54:00 pm, 12/04/2024,834,3,Experts, GardenGuru," Aiyo, must teach them about balance lah. Too much food attracts pests. Maybe remove some excess food and cover the bin properly to keep the flies out.",Answer
1:57:00 pm, 12/04/2024,837,3,Experts, WormWorry," Okay, will do that. Need to remind my kid to jaga the bin properly next time.",Irrelevant
2:00:00 pm, 12/04/2024,840,3,Experts, GardenGuru," Yup, good idea. Remember, steady hand means steady worms!",Irrelevant
,,,,,,,
,,,,,,,
10:00:00 am, 12/04/2024,600,0,Residents, ConcernedComposter," Good morning, I'm having trouble with my vermicompost worm..",Question
12:30:00 pm, 12/04/2024,750,150,Experts, GardenExpert," Hihi, how can I assist you? 😊👍",Answer
2:21:00 pm, 12/04/2024,861,111,Residents, ConcernedComposter," It seems my helper added too much food waste, and now there are flies swarming around the bin..",Question
3:21:00 pm, 12/04/2024,921,60,Experts, GardenExpert, I see. Maintaining a proper balance of waste is crucial. Remove excess waste and ensure the bin is covered securely to deter flies.,Answer
7:53:00 pm, 12/04/2024,1193,272,Experts, ConcernedComposter," Thank you, I'll follow your advice. I'll also talk to my helper abt tis..",Irrelevant
7:59:00 pm, 12/04/2024,1199,6,Experts, GardenExpert," Great! If you need further guidance, don't hesitate to reach out. 😊👍",Irrelevant
,,,,,,,
,,,,,,,
10:50:00 am, 12/04/2024,650,0,Residents, GardenLover," Hey, quick question - do you pay attention to the browns to greens ratio in your compost bin?",Question
11:23:00 am, 12/04/2024,683,33,Experts, CompostEnthusiast," Hi! Yes, I try to maintain a balanced ratio. It helps with decomposition and prevents any funky smells. Why do you ask?",Answer
3:22:00 pm, 12/04/2024,922,239,Residents, GardenLover," I've been noticing some issues with odor in my compost lately, so I thought I might need to adjust the ratio. Do you have any tips for getting it just right?",Question
3:23:00 pm, 12/04/2024,923,1,Experts, CompostEnthusiast, Sure thing! Aim for roughly a 3,Answer
7:24:00 pm, 12/04/2024,1164,241,Experts, GardenLover," Got it, thanks! I'll give that a try and see if it helps with the smell.",Irrelevant
8:22:00 pm, 12/04/2024,1222,58,Experts, CompostEnthusiast, Sounds like a plan. Let me know if you notice any improvements. Happy composting!,Irrelevant
11:51:00 pm, 12/04/2024,1431,209,Experts, GardenLover, Will do. Thanks again for the advice!,Irrelevant
,,,,,,,
,,,,,,,
11:25:00 am, 12/04/2024,685,0,Residents, GardenLover," Heyyy, just wanted to follow up - do you find it challenging to maintain the browns to greens ratio in your compost",Question
11:30:00 am, 12/04/2024,690,5,Experts, CompostEnthusiast," Hi there! Mm can be a bit tricky, esp when I have a lot of one type of waste. Erm I try to keep an eye on it and adjust as needed~ tt works?",Answer
11:35:00 am, 12/04/2024,695,5,Residents, GardenLover," Yeah, I feel you. It's like a balancing act sometimes. Do you have any hacks or tricks for keeping it bal?",Question
2:11:00 pm, 12/04/2024,851,156,Experts, CompostEnthusiast," Definitely! ii keep a stockpile of dried leaves or shredded ppr on hand. That way, if i hv xs greens, i can easily balance out.",Answer
2:45:00 pm, 12/04/2024,885,34,Experts, GardenLover, Thanks for the tip ya,Irrelevant
7:17:00 pm, 12/04/2024,1157,272,Experts, CompostEnthusiast," Nps, is all about finding what works best for your composting setup ;)",Irrelevant
,,,,,,,
,,,,,,,
10:00:00 am, 12/04/2024,600,0,Experts, CompostEnthusiast, Good morning! How's your vermicompost bin coming along?,Irrelevant
10:05:00 am, 12/04/2024,605,5,Residents, GardenLover," Hi there! It's going alright, but I've noticed a few small insects in there lately.",Question
3:11:00 pm, 12/04/2024,911,306,Experts, CompostEnthusiast," Ah, I see. It's not uncommon to have some critters in the compost. Have you noticed any specific types?",Answer
3:19:00 pm, 12/04/2024,919,8,Residents, GardenLover," Mostly just tiny bugs, nothing too alarming. But I want to make sure it's still healthy for the worms.",Question
5:30:00 pm, 12/04/2024,1050,131,Experts, CompostEnthusiast, Totally understandable. Keeping an eye on it is always a good idea. You could try adjusting the balance of materials in your bin to see if that helps.,Answer
7:22:00 pm, 12/04/2024,1162,112,Experts, GardenLover, That's a good suggestion. I'll try adding more dry materials and see if that makes a difference.,Irrelevant
8:30:00 pm, 12/04/2024,1230,68,Experts, CompostEnthusiast, Sounds like a plan! Let me know how it goes. It's all about finding what works best for your composting setup.,Irrelevant
8:35:00 pm, 12/04/2024,1235,5,Experts, GardenLover, Will do. Thanks for the advice! I appreciate it.,Irrelevant
9:56:00 pm, 12/04/2024,1316,81,Experts, CompostEnthusiast, No problem at all! 😅 Happy composting!,Irrelevant
9:58:00 pm, 12/04/2024,1318,2,Experts, GardenLover, Same to you!,Irrelevant
,,,,,,,
,,,,,,,
2:00:00 pm, 12/04/2024,840,0,Experts, EcoFriendlyGardener, Just wanted to share some good news - my vermicompost bin is thriving!,Irrelevant
2:02:00 pm, 12/04/2024,842,2,Residents, OrganicEnthusiast, That's wonderful to hear! What's been working well for you?,Question
2:05:00 pm, 12/04/2024,845,3,Experts, EcoFriendlyGardener, I've been following your advice on balancing moisture and adding a variety of food scraps. The worms seem happy and the compost is looking rich and healthy.,Answer
2:08:00 pm, 12/04/2024,848,3,Experts, OrganicEnthusiast, That's fantastic! It's always rewarding to see the results of good composting practices.,Irrelevant
2:10:00 pm, 12/04/2024,850,2,Experts, EcoFriendlyGardener, Absolutely! It's been such a rewarding journey learning about vermicomposting and seeing the positive impact it has on my garden.,Irrelevant
2:13:00 pm, 12/04/2024,853,3,Experts, OrganicEnthusiast," I'm so glad to hear that. Keep up the great work, and let me know if you ever need any more tips or advice.",Irrelevant
2:15:00 pm, 12/04/2024,855,2,Experts, EcoFriendlyGardener, Will do! Thanks again for all your help and inspiration.,Irrelevant
2:17:00 pm, 12/04/2024,857,2,Experts, OrganicEnthusiast, Anytime! Happy gardening!,Irrelevant
